-1.8759895
-1.8466145
-1.434508
-1.1176814
-0.53528343
-1.4193272
-1.6667672
-0.8150667
-2.0925593
-1.0706749
-1.8353918
-1.386514
-1.4850559
-1.1977119
-1.6102949
-2.0938758
-1.4861158
-0.38176725
-0.89990415
-2.0134349
0.068681307
-1.7935629
-0.891265
0.66801622
-1.7384189
0.17047132
-1.0262474
-2.0095534
-1.3124758
-1.5873647
-0.94090332
-1.3118292
-1.0111014
-1.5179392
-1.4336144
-0.70138904
0.51741308
-0.62695537
-1.1889449
-1.0093432
-1.9480325
-0.073551038
-1.3877415
-1.3904614
-1.3167547
-1.3805231
-1.3569997
-1.3384951
-0.46206944
0.87293668
-1.3849627
-1.620792
-1.0217922
-1.2218322
0.091429822
-1.6846393
-2.2716867
-1.5100016
-1.7582169
-1.1758463
-1.3070954
-1.2046247
-1.2113547
-1.2947467
-1.7249085
-1.5775094
-1.2488821
1.0768296
-1.7190024
-0.11689775
-0.4543547
-1.3238073
-0.99023827
-1.6759158
-1.3469247
-0.90308638
-1.91794
-1.2120603
-1.7138406
-0.92729043
-0.29803789
-0.050137174
-1.8329754
-0.20455943
-0.80127763
-1.6047542
-2.0982796
-0.71317829
-1.7108335
-0.83746168
1.5085257
-1.6649521
-0.71257684
-0.52530115
-0.011832309
-0.80889972
-1.6318309
0.47366456
-1.5769521
-1.5201672
-1.0503037
-1.0527418
-1.5047271
-1.1391945
-0.98598579
-1.4296468
-1.045229
-1.7272531
-0.85285922
-2.0911887
-0.84238376
-1.2243208
-0.70790019
-1.076427
-1.1164231
-1.7205125
0.99848044
-0.45850176
-1.5307071
-0.71832086
-1.0099093
-1.7231118
-1.008015
-1.0701185
-1.0504983
-1.3015731
-1.0620709
-0.27051211
-2.3569569
-1.1043674
-1.5020159
-1.9628766
-1.1609358
-0.616402
-1.5759481
-0.4101257
-1.1702279
-0.14465722
-1.4292474
-1.3997924
-1.0304733
-1.7414977
-1.4050845
-1.4030613
-1.4044779
-0.93121474
-0.84048382
0.19476953
-1.0545331
-1.4943046
-1.6661614
-2.3063719
-0.97407016
-1.005232
-0.5388013
-1.995365
-1.3064832
-0.921977
-0.020675782
-0.66628995
-1.5063616
-0.73997186
-1.0038039
-1.0265075
-1.0575443
-1.6673024
-1.5287414
-0.87573467
-1.1058929
-0.44128086
-1.6571827
1.0073584
-1.1495303
-0.48725082
-1.9665583
-1.9417621
-0.80111007
-1.2868436
-1.5410197
-0.39028827
-1.7408507
-1.3526881
-1.3529248
-1.307699
-1.5307127
-1.2813159
-0.87151517
-1.6158819
-0.92421533
-0.5315854
-1.4456601
-2.0877066
-1.0382568
-1.7070448
-1.6805711
-0.73117602
-1.6328055
-1.6300825
-1.0005614
0.8361909
-1.2864859
-1.134568
-1.6357588
-1.5478971
-1.2187734
-2.1444772
-1.4252121
-1.1585131
-1.4075657
-0.66560822
-1.8761277
-0.85478242
-0.6525867
-1.1140808
-1.3642841
0.38195418
-1.7817487
-0.84059661
-0.74585692
-1.745743
-1.1727243
-1.7046366
-1.2531415
-1.6813586
-0.21290573
-1.3967716
-1.0006821
-1.216055
-1.5151155
-0.32753
-1.0736507
-1.9757651
-1.6171926
-0.8634115
-1.4935671
-1.8303462
-1.0705215
-0.84498657
0.20764707
-0.98368706
-1.7176589
-1.5745989
0.0030028579
-0.99895921
-1.8079165
-1.0478612
-1.3775514
-1.5319633
-0.89787893
-0.41666985
-1.0942705
-0.96274734
-0.21322698
-1.7673083
-1.8310564
0.097529417
-0.99131251
-0.98374796
-1.3286621
-0.10394708
-0.78545731
-1.900825
-1.4167844
-1.4743416
-1.7828964
-1.7421469
-2.1613868
-0.37006456
0.0042792611
-0.68748773
-0.98460612
-1.6158726
-2.2348683
-2.0046587
-1.7631643
-1.1118411
-1.6446404
-1.6441485
-1.0598078
-0.59434569
-2.2723784
-1.7884915
-2.0584159
-1.941942
-1.0020227
-0.62668774
-1.6582071
-1.4175677
-2.0371103
-0.67427413
-0.50808035
-0.27047941
-0.45995405
-0.98554785
-0.36420003
-1.1392148
-1.1725871
-1.1745699
-1.6630889
-1.4577614
-1.3637598
-1.5511901
0.41063477
-0.74324544
-0.527032
0.06791861
-0.50848182
-0.85414986
-0.76577845
-1.5640288
-0.77521863
-1.2948487
-1.8263666
-1.5638794
-0.44891486
-1.0977808
-0.36641515
-1.0723293
-1.9883612
-0.5817221
-1.508053
-1.0231925
-0.79782677
-1.4075128
-0.72776202
-0.83819643
-1.1710073
-1.1893291
-1.5023008
-0.92026816
-1.1853961
-1.9547862
-1.5944795
-1.9949609
-0.58056658
-0.69309427
-2.1097885
-0.37999342
-1.5344446
-1.4311304
-0.062956662
-1.8712259
-1.6966228
-0.74225642
-1.9844349
-1.9556937
-1.594882
0.96392449
-0.94090837
-0.65507733
-1.3529937
-0.090678849
-0.3740824
-1.1918737
-2.4196602
-0.68232594
-1.5292251
-1.2179221
-1.5690228
-0.00059909879
-0.60681363
-1.5208331
-1.3055145
-1.3713748
-1.8549226
-1.0858431
-1.568333
-1.046154
-1.032846
-1.0801693
-1.2060284
-1.4510329
-1.5238721
-1.0887168
-1.073979
-0.33092808
-0.52814949
-1.3253907
-0.59351134
-0.58486064
-0.89616092
-1.0784542
-0.65230536
-1.1772656
-1.2271448
-1.6859022
-1.3087468
0.1939402
-1.5668187
-1.901651
-0.77592061
-1.266351
-1.084362
0.17290489
-1.0680659
-0.4557441
-1.7114717
-1.0881086
-1.2076568
-1.2600846
-1.3657836
-1.4004043
-1.5456976
-1.752092
-0.50849864
-0.79111391
-0.56369459
-1.3503048
-1.2976699
-2.4642579
-1.6837911
-1.3659785
-1.6213445
-0.45839814
-1.5019393
-1.7878178
-1.2795043
-1.2989216
-1.483186
-0.86634296
-0.78073395
-1.0415181
-1.1310192
-1.4726808
-2.0571732
-1.3457305
-1.6146876
-0.74729226
-0.84283443
-1.3270478
-1.2254706
0.27170044
-1.7442802
-2.0968507
-1.2445574
-1.5626784
-0.45061668
-1.3310996
-0.77489903
-1.3157927
-0.4471272
-1.3163855
-1.3731066
-0.46323968
-0.81945596
-1.6700495
-0.98799061
-0.93987237
-1.8078089
0.51656794
-0.39122029
-1.5037275
-1.4452212
-0.33400717
-0.90154785
-0.089822392
-1.5116144
-0.055548439
-0.76785654
-0.0023890924
-0.6492832
-0.70968201
-1.1174341
-0.38757751
-1.2136311
-1.2648175
-0.9292974
-1.7212652
-1.0386829
-1.4013982
0.29641518
-1.4208671
-1.5632551
-0.44452551
-0.82243757
-1.3390909
-1.5546481
-0.88052799
-1.4713852
-0.57650795
0.2601033
-1.4093591
-1.2057337
-1.7502452
-1.3681941
-0.84630811
-0.9705755
-1.0418205
-1.6947783
-0.31994196
-0.9710728
-0.94916493
-1.2905007
-1.2046285
0.12531296
-1.3002198
-1.4813566
-1.491606
0.10056627
-1.7897742
-0.31941941
-1.2521551
-2.1177859
-1.3222101
-1.3464226
-0.16389415
-1.6694331
-0.85438694
0.95207397
-1.1562534
-1.1518323
-1.6873522
-1.0673356
0.22637824
-1.6509844
-1.6780013
-0.88717505
-2.1007821
-1.4898879
-1.521101
-1.4851389
-1.8115946
-1.2958424
-1.3456988
-1.3806816
-0.75600911
-1.1055006
-1.0285668
-0.50118242
-1.7718755
-1.4406716
-1.1301014
-0.96249468
-0.60932161
-1.7889608
-1.9278736
-1.1438247
-1.1088102
-1.0028483
-1.8196552
-1.5746761
-1.1731077
-1.9160176
-1.8501313
-1.1177172
-1.4853149
-1.5476197
-0.18556448
-0.99983138
-1.6323673
-0.75402907
-1.3684577
-0.70537086
-0.95830446
-0.26907523
-1.6114475
-2.0315972
-0.77594904
0.61067933
-2.1086201
-1.4809559
-0.82431311
-2.4514671
-1.4647341
-1.1932983
-1.4890721
-1.9163194
-0.95483843
-0.48897861
-1.5864246
0.12618351
-2.2519377
0.14591704
-1.5685669
-1.6482042
-1.5869408
0.35644326
0.29084249
-1.2308573
-1.5308378
-1.3419542
-0.73185238
-1.5235566
-1.5417746
-0.46337364
-1.4659761
-1.564808
-2.2945417
-2.4626342
-2.116707
-0.80571108
0.24038453
-1.5619085
-0.88991676
-1.1219181
-0.94488337
-0.89816591
-0.7647884
-1.7265838
-1.6253202
-1.4036704
-1.5594391
-1.8800768
-1.3065042
-0.91755922
-0.6901299
0.11297053
-1.5379804
-1.8462007
-1.3729719
-1.2763367
0.32598479
-1.1588913
-1.2445129
-0.75552913
-1.5614864
-1.0981147
-1.1967836
-0.83217516
-2.096428
-1.0151803
-0.15896154
-1.1840621
-1.0017617
-0.76784536
-0.448684
-1.5234572
-1.0787372
-0.53056743
-1.3101165
-1.7736955
-0.59620118
-1.466001
-1.2693635
-0.65114394
-1.3622999
-1.8639483
1.1281762
-1.6354186
-2.0502218
-0.7569556
-2.5723718
-0.26003301
-1.2817394
-1.2623329
-1.7924375
-0.37492799
-1.5836946
-1.5820033
-1.8008788
-1.9823138
-1.339595
-1.710359
0.86983677
-1.3887193
-1.4564525
-0.97475035
-2.2202284
-1.7380778
-1.5217104
-1.0939579
-0.9319133
-1.620816
-1.5956587
-0.7547452
-1.5860294
-0.98672505
-1.0430399
-0.88974505
-1.1640945
-1.4839416
-1.231756
-1.4664736
-1.7413524
-0.91786217
-0.07229604
-2.0041415
-1.2520732
-0.93785663
-1.4376625
-1.2370821
-0.95538197
-1.384655
-1.2904116
-1.9381849
-2.2599221
-0.36283769
-1.0413131
-0.90517235
-1.2620733
-1.3454716
-1.8990862
-0.68643068
-0.24630287
-0.53634487
-1.7503268
0.73559038
-1.1714428
-0.59817224
-1.4999063
-1.3325189
-1.4524929
-2.0357251
-1.6747099
-1.4691568
-1.359768
-0.84647064
-1.1274217
-0.7669274
-1.5881852
-0.99823076
-1.1577711
-0.74640407
-1.7060873
-0.089609137
-1.58701
-1.6132585
-0.48682891
-1.7071282
-1.2588901
-1.2199808
-0.5417683
-0.96736525
-0.65217828
-1.0915761
-1.1456818
-1.3679287
-1.2390364
-0.87374613
-1.0004469
-1.7771494
-3.0080532
-1.0534013
-1.3066749
-2.2245585
-1.6786087
-2.5129304
-1.3136136
-0.71880933
-1.327545
-1.1003707
-1.7353985
1.0310881
-1.8097198
-0.85182609
-0.89249891
-1.1001877
-0.81934661
-1.8837521
-1.6958599
-1.7807863
-0.25167586
-1.5044106
-1.8182972
-0.74240656
0.030392583
-1.1809625
-1.234619
-0.90449584
-0.12004671
-1.0667699
-1.2402084
-0.7495925
-0.90412474
-1.318943
-2.386555
-1.9444933
-1.3722917
-0.1368557
-0.91441822
-0.94846583
-0.79398723
-1.6460748
-1.5148305
-1.5544331
-1.5099436
-1.4590586
-1.1348985
-1.0836595
-0.58977188
-1.991864
-1.1173034
-1.9310916
-0.88614062
-0.82195499
0.15994671
-1.0591988
-0.59700736
-2.0231996
-1.308234
-1.6528816
-1.1980587
-1.1359898
-1.4162723
-1.9420377
-1.2081358
-1.286829
-1.395366
-0.25863495
-1.5187018
-0.5758938
-1.2404769
-0.41958634
-0.97481085
-0.76973455
-2.5506649
-1.3716211
-0.46887037
-1.5665722
-1.7625954
0.045248922
-0.5793001
-1.4996501
-1.796706
-1.1142347
-1.4492398
-0.93909599
-1.2272044
-1.6045245
-2.2800306
-0.029894296
-1.9258448
-0.94355436
-0.34785569
-1.2050579
-1.6244097
-2.2359268
-1.5836836
-1.5494959
-0.48385647
-1.5917314
-1.7103754
1.0681866
-1.5483178
-0.63467579
-0.98602838
-1.2519667
-2.2224467
-1.1149998
-0.56446676
-1.0863069
-0.87715463
-1.8756554
-1.2385839
-0.99713746
-0.95725148
-0.62683431
-1.1966357
-1.0840621
-1.456604
-1.1865143
-0.87402989
-0.31162881
-1.1420706
-1.181784
-1.5709792
-1.0116757
-1.2056665
-1.1818161
-1.6657451
-2.1594619
-0.95303027
-0.94892769
-1.231371
-1.4594541
-1.1498539
-1.694813
-0.52601571
-1.6722472
-1.2971021
-0.59093954
-0.46177358
-1.9591023
-0.86899374
-1.4345456
-0.55882672
-1.8312761
-0.91615608
-0.88182962
-2.3136174
-0.98329914
-1.0741719
-0.51886406
-1.0965893
-1.3019738
0.47911023
-0.16011564
-1.3589809
-1.3143157
-1.1405215
0.010056273
-1.6943918
-2.1698285
-1.8521449
-1.0336099
-1.7828449
-0.76783471
-1.2932582
-0.12728108
-0.81120427
-0.38301877
-1.7357719
-0.75194181
-2.198896
-0.71504826
-1.3076198
-0.1251251
-1.4783114
-1.941478
-1.5443923
-1.0999913
-0.82063636
-0.7548954
-1.145901
-0.096608222
-1.8667118
-1.7698471
-0.98975476
-1.2090756
-1.0422977
-1.4238547
-1.9255234
-1.5332262
-1.0148848
0.4666751
-1.7561242
-0.41921839
-1.6737029
-0.9331175
-1.3764552
-1.6936789
-1.5113652
-1.772901
-1.4534648
-1.0460175
-1.2646794
-1.2984168
-2.0289746
-0.71234783
-1.4921326
-0.012842771
-2.0029392
-1.821662
-0.66606361
-1.7142884
-1.7958695
-0.95786194
-2.1432133
-1.5898477
-1.3682499
-1.2207647
-1.5290124
-1.9867447
-1.1371094
-0.35033343
0.39009506
-1.3091492
0.34869409
-1.7649766
-1.337918
-1.5323113
-1.0682975
-1.1563695
-0.86993095
-1.3820828
-0.82649001
-0.99043203
-0.86154635
-0.73566826
-1.6673346
-2.1496135
-0.8802643
-1.9040088
-1.2264274
-0.047356596
-1.4879589
-0.748266
-1.2099329
-0.90986184
-0.80265482
-1.2730831
-0.31359227
-1.6320582
-0.98280315
-2.0913751
-0.92122448
-0.67762627
-1.143957
-1.6140232
-1.2853961
-0.44691193
-0.62538916
-1.3150939
-0.94974101
-0.83940027
-1.6700056
-1.8616479
-1.2691795
-0.83856622
-1.6663727
-1.5165195
-0.69668042
-1.3449495
-1.2150589
-1.1939002
-1.6961397
-1.5152553
-2.414774
-1.3535525
-0.69676113
-0.069735272
-1.3856369
-0.77079507
-2.029909
-1.6164231
-1.3461306
-1.3241747
-1.8352336
-1.5155353
-2.0553689
-1.5178298
-1.0321026
-1.5042723
-0.52021629
-0.56507064
-0.0687543
-1.6190579
-1.6905595
-0.62730471
-1.4828502
-1.8329147
-1.5244409
-1.361684
-1.2342503
-0.60214949
-0.26735861
-1.4186131
-0.67320284
-0.97464892
-1.2736908
-1.5347196
-1.4010293
-1.2247217
-1.1463685
-1.9013027
-0.91833417
-1.4029455
-1.0646094
-1.2260244
-0.61481776
-0.96517839
-0.90011627
-1.7160775
-1.8253978
0.1030379
-1.3169873
-1.1513221
-2.3008959
-0.68731432
-0.60526313
-2.3905618
-1.805971
0.51902585
-1.2116769
-0.91006379
-1.480502
0.32290231
-1.1948739
-1.420846
-1.9393481
-0.31785136
-0.33489492
-0.7363449
-1.1182952
-1.2027829
-1.6008698
-1.2923484
-0.96602751
-1.3293262
-1.5149317
-1.1076961
-0.63563477
-1.9562835
-1.120398
-1.644972
-0.44454193
-1.0556529
0.52182674
-1.2096154
-0.44674357
-1.266542
-1.4011118
-1.5374164
-0.21814398
-1.5643468
-1.619041
-1.23894
-1.6718219
-1.2503964
-1.4644082
-1.1659646
-2.2373778
-1.2453935
-0.17884578
-1.2577725
-1.1560269
-1.0617228
-1.4590605
-0.72590054
-0.99800068
-1.2033826
-1.5637638
-1.8637703
-0.54685915
-0.6248661
0.73509087
-0.38584952
-1.1944388
-2.2559087
-1.3225684
-1.4457698
-1.2471058
-1.5795926
-1.7631021
-1.163686
-0.43496799
-1.1298464
-0.53311419
-0.80637279
-1.8492098
-1.6319132
-0.75806268
-1.3145083
-0.10946825
-1.4777626
-0.83280518
-1.0098037
-1.6529594
-1.1114507
-1.8736193
0.69128633
-1.9169742
-1.9378386
-1.0549203
-2.0031164
-1.6882358
-0.078334068
-0.35971999
-0.92924003
-1.2278862
-1.267543
-0.84118181
-1.3363099
-1.8259535
-1.5037304
-1.1069963
-0.90098945
-1.4497182
-1.5908554
-1.5091766
-1.5269459
-1.0062855
-2.1131502
-1.7519371
-0.67070407
-1.4407955
-0.92477248
-1.7377392
-1.4461124
-1.0423376
-0.34958812
-1.3708711
-1.2229513
-1.7369637
-0.29530996
-0.57990575
-1.2853116
-1.1897491
-1.905224
-1.2531353
-0.88814398
-0.81222105
0.54572133
-1.3004953
-2.0053484
-1.911507
-0.86825415
-1.3633844
-1.7593641
-1.7187223
-1.821679
-1.4865399
-1.6119282
-1.4969141
-0.53149433
-1.4013915
-1.2291253
-1.4246969
-1.2306173
-1.9669421
-1.379008
-0.99135633
-1.0179778
-1.2879279
-1.0098408
-1.2524112
-1.0964983
-1.6864175
-0.11594052
-1.1898823
-1.0866908
0.13955791
-1.9621922
-1.297595
-1.7924938
-0.082559001
-1.4260031
-0.78610983
-1.5244301
-1.5748669
-0.51962803
-0.93392464
-1.045623
-0.74773784
0.31144765
-1.0668539
-1.4154426
-1.3654155
-1.3593298
-0.98036597
-0.73102082
-1.2854028
-1.5482039
-1.1905993
-1.4184766
-1.6751692
-0.78291752
-1.2945002
-0.11828355
-0.52335338
-1.9140145
-1.9887453
-1.3250421
-1.5934487
-0.22497122
-0.60139261
-1.1439372
-1.4575665
-0.6771327
-0.96256907
-1.607868
-1.4850743
-0.0088186677
-1.5948811
-1.5634278
-2.0403932
-1.0929085
-1.287418
-1.1273412
-0.66884958
-1.2818591
-1.5417036
-1.450459
-1.1423455
-0.96662773
-0.5903964
-1.4529893
-2.2824206
-0.91336551
-0.96050715
-1.0799463
-2.0671531
-1.7287425
-1.3429266
-0.98642479
-1.3321052
-1.6800829
-2.0666219
-1.454681
-1.2393768
-1.0102565
-0.87051528
-1.2144747
-0.97020395
-1.2027533
-0.47108331
-1.6204113
-0.80478165
-1.543177
-0.85965104
-1.153383
-2.4349304
-2.0143457
-1.6448687
-1.4205058
-0.52830131
-1.2282285
-2.122752
-0.96766518
-0.67475771
-2.0486515
-1.2675147
-0.75881738
-1.0399406
-1.7170984
-1.6211853
-1.2794503
-0.34607174
-1.0771964
-1.5057501
-1.2519603
-0.70910865
-0.80377531
-0.8913209
-1.3756817
-2.2750207
-1.2063505
1.4575194
-1.9422489
-1.4048006
-0.58609904
-0.12876833
0.66701404
-1.4078883
-0.58472181
-1.4560054
-0.70548496
-1.7031706
-0.98602521
-0.56563463
-1.8957925
-1.5010583
-0.64092299
-1.6747343
-1.6638745
-0.93996028
-0.79090608
-1.7677201
-0.10670943
-1.8302272
-1.1241338
-1.1957683
-0.96268586
-2.2361234
-1.1723239
-1.7651167
-1.5946703
-0.4151903
-1.7058896
-1.5584781
-0.74511703
-1.7429052
1.0761928
-1.1397721
0.42088404
1.4857723
-1.0405608
-1.5801599
-1.3538204
0.20855528
-1.9143051
-1.1701574
-0.82001819
-0.64144486
-0.67316047
-1.3371085
-1.6835343
0.52497566
-1.9521544
-1.022478
-0.89347415
-0.90205109
-1.5302506
-0.64934028
-0.00379382
-2.2347936
-1.2560536
-1.6489406
-1.1071782
-0.60217416
-1.0638318
-1.3514759
-0.69672628
-1.9877465
-1.1351616
-1.0808283
-0.96759912
-1.2973494
-1.5072554
-1.3623757
-1.8352529
-1.5297627
-1.4079526
-0.81079433
-2.0290859
-1.4050431
-0.94725638
-1.6364573
-1.6221549
-1.5581351
0.13572557
-1.1469937
-2.2763896
-1.1399909
-1.6779391
-0.41056681
-1.1157973
-0.83705867
-0.92130987
-1.7382189
-1.5116115
-1.2753282
-1.490335
-1.4415461
-1.6412154
-1.1987495
-1.6171813
-1.7359368
-1.5620616
-0.69330652
-1.7316105
-1.1330313
-0.72729932
-1.8182676
-1.5465584
-0.47909678
-1.391889
-0.74875551
-1.1121194
-0.28419066
-0.6812094
-1.2339061
-0.89216688
-1.2936267
-1.4770796
-1.4601103
-1.3838514
-1.5524764
-1.451569
-1.5073967
-0.48683158
0.54888485
0.63376219
-0.94564905
-1.8619342
-0.71450892
0.2376988
-1.309682
-1.2378837
-1.2522986
-1.4738229
-0.61223263
-2.4738918
-2.6030971
-1.6666611
-1.0002004
-1.2598284
-0.72014704
-1.7105077
-1.3578504
-0.41714947
-1.1006742
-1.4429181
-0.79468931
-0.5873924
-1.6776689
-1.4381447
-0.77691399
-1.7080891
-0.22105114
-2.0222329
-1.3985224
-0.84421015
-1.8670352
0.69099907
-1.2055306
-1.2634583
-1.9306642
-1.5273022
-1.2698749
-1.3943594
-0.86775042
-1.4522634
-1.5598619
-1.1267175
-1.3967895
-1.2080553
-1.6558261
-1.6175812
-0.57250524
-0.71291074
-1.0949378
-2.1534099
-1.1304705
-1.3050619
-1.0229313
-1.9137053
-1.490697
-1.2244821
-0.5841082
-0.86411667
-2.1019117
-1.2162859
-1.2068846
-0.70283326
-1.7649426
-1.5744983
-1.4265585
-1.8800332
-1.3214544
-0.79456597
-1.2968793
-1.3791559
-1.3095843
-1.4199185
-1.0449978
-0.79215946
-0.96089422
-1.1805709
-0.37315566
-1.2416337
-1.9891892
-1.3019032
-1.4359815
-1.1844719
-1.4726386
-2.0315659
-1.2183612
-1.720139
-2.0520956
-1.403917
-1.3003217
-1.2199888
0.2678077
-1.6137692
-1.4408579
-2.2063399
-1.4842942
-1.3345275
-0.6322246
-1.8744691
-0.55188412
-0.93992405
-1.1658118
-2.0547951
-1.007948
0.43180829
-2.0559533
-1.4586472
-1.0485467
-0.35965574
-1.773882
-0.93512413
-1.6593435
-1.7258763
-0.81921857
-1.1093953
-1.1111867
-1.3265093
-1.2294996
-0.54472817
-1.1959086
-1.702479
-0.80544932
-1.9036789
-2.3806598
-2.198659
-1.2564717
-0.82274398
-1.1230823
-1.9427568
-2.1937598
-1.255487
-0.22941425
-0.43669666
-1.2957018
-1.4611988
-1.3841475
-1.2724759
-1.800896
-1.1242703
-0.35429197
-1.5626116
-1.9401544
0.26338035
0.42035465
-0.98751681
-0.88639744
-0.77087648
-1.9220596
-1.3667641
-1.3466547
0.4463872
-0.97261422
-1.4760233
-0.82811191
0.94737435
-0.46586707
-0.90797246
-0.61720968
-1.9961669
-1.4120638
-1.1631853
-0.70630538
-2.827523
-1.5758404
-0.89245171
-1.2406079
-1.4911416
-1.5901817
-0.94587674
-1.3599202
-1.7558528
-0.62570316
-1.3417513
-1.3613379
-1.5797091
-0.94263873
-0.65225927
-1.2326285
-1.5291038
-2.1888992
-1.7880425
-1.4469807
-1.2537873
-1.3778644
-1.5090617
-1.8315331
-1.4286607
0.58228836
-1.2349772
-1.4708445
-0.69561964
-1.081546
-2.1639285
-1.9701506
-1.442251
-1.3018408
-0.61942762
-1.2726436
-0.066170325
-0.70921855
-1.361125
-0.47987519
-1.2639576
0.046740249
-1.4149034
-1.8585618
-1.0262168
-0.86712174
-1.7837417
-1.1146417
-2.2292275
-1.0314471
0.21355951
-1.8040157
-0.53071005
-1.7796346
-0.11206381
-2.0279757
-1.0282945
-1.8825645
-1.0577616
-1.2561885
-1.554055
-1.5143198
-0.48923875
-1.717928
-1.4402834
-1.7481104
-1.1230997
-1.2457715
-1.7921526
-0.82642221
-1.6223774
-0.89974518
-0.98107935
-1.3961053
-1.1414422
-1.3896238
-1.6618142
-0.82452854
-1.1681265
-1.8153893
-1.3167165
-0.54626892
-0.22779642
-0.75579243
-1.2001553
-1.194273
-1.2891881
-1.074662
-1.5332837
-1.5941151
-1.7446539
-2.1303192
-1.5163311
-2.4865102
-2.0469683
-0.89601491
-1.5685055
-1.4217796
-1.6492195
-1.5125194
-1.3282126
-1.6685056
-1.2576932
-1.1520799
-1.5225575
-0.86848642
-0.14436691
-1.9958883
0.21972619
-1.0898481
-1.1747122
0.062295927
-1.3162922
-0.013282631
-0.31010041
-0.83479316
-1.5615018
-1.358231
-1.2891127
-1.7239294
-1.5416034
-0.56308424
-1.0776542
-1.1895683
-1.328299
-2.1408941
-1.6645442
-0.44391482
-0.049166262
-0.78840554
-1.842298
-1.3878087
-1.1965445
-1.006875
-1.3185798
-0.14399044
-0.034930873
-0.16113502
-0.89767336
-0.47892231
-1.5641205
-2.0174351
-1.6086775
-1.1712056
-0.91514771
-1.7988785
-0.69299552
-1.2362692
-1.622314
-1.0922357
-1.8726178
-1.6805632
-0.86976392
-1.8159816
-1.0748491
-1.7502585
-1.8369453
-0.81004587
-2.1767622
-1.2467257
-1.0269094
-1.6488375
-1.9420751
-1.1145187
-1.7104644
-2.621872
-1.7586094
-0.95785315
-0.84704713
-2.0697048
-1.3114075
-1.9159368
-1.1614839
-2.0661406
-0.33538061
-1.9615729
-1.4075815
-1.8610172
-0.95618311
-0.63741871
-1.045817
-1.7729085
-2.2964382
-1.4071559
-1.2584202
-0.99905443
-1.342196
-2.5275077
-2.0050937
-0.39126981
-0.43306406
-0.92829509
-1.1677898
-1.4672041
-0.94628912
-1.4576186
-1.4824096
-1.3465102
-1.4768422
-1.2269843
-1.4916549
-2.0864502
-1.421906
-0.98612343
-1.5539856
-1.8047078
-1.3287427
-1.780236
-1.5781323
-2.287036
-0.44074678
-0.098535032
-1.833953
-1.8755278
-1.9125432
-0.80162433
-1.3938992
-0.93289854
-1.116428
-1.8213521
-1.6044645
-1.3102077
-0.90300589
-1.5987793
-1.6682716
-1.3312494
-1.3356353
-0.59817224
-1.2439087
-2.2643372
0.3452218
-0.79910788
-1.4346581
-1.7326188
-0.95001646
-0.64133917
-0.46875121
-1.2307309
-1.3636172
-1.2713882
-0.17990478
-1.5887573
-1.3488725
-1.3815962
-0.4990963
-1.2287434
-1.0201158
-0.53607854
-1.9626635
-0.97687374
-1.5487929
-1.3201221
-2.1770622
-1.5735709
-2.138396
-1.2920642
-1.4476186
-1.0577405
-1.1347137
-1.3326584
-0.009224079
-0.19581084
-1.3404201
-1.3394672
-0.70774645
-1.5183777
-1.1761742
-1.6107927
-1.1430755
-1.8854167
-1.2518413
-1.4344523
-1.408442
-1.3254218
-1.3195791
-1.5632571
-1.2946615
-1.0036996
-1.3660352
-0.67171441
-1.219663
-0.69647187
-1.4696767
-1.241206
-0.71744638
-0.73958976
-1.1140935
-1.1188108
-1.5572061
-1.0744568
-0.31587444
0.062317642
-1.4170513
-1.0471031
-1.4799335
-1.6587839
-1.9718094
-1.058745
-0.57433936
-1.0150881
-1.2828104
-1.7228183
-0.23504569
-1.5797716
-1.9061452
0.80539817
-0.69406153
-2.0583949
0.54330856
-0.46884252
-1.7511626
-0.22831717
-0.81828983
-1.1268967
-1.2220056
-0.65110228
-1.3389802
-0.60230646
-0.9851359
-1.583013
-1.1428667
-0.8913362
-1.2076769
-1.0083026
-1.7120361
-2.1531228
-1.0501706
-0.88718574
-1.5846014
-0.83387795
-1.133324
-0.432066
-1.2928658
-0.48916016
1.1628913
-0.91389073
-0.57661692
-1.4087438
-1.6271616
-2.1449736
-1.3646613
-1.1907854
-1.007698
-1.3755428
-0.70315687
-1.4619409
-0.29342977
-1.3979216
-1.3175915
-1.6498046
-1.1904124
-1.453799
-0.98528781
-0.44361587
-1.5566219
-1.2176716
-0.5810835
-1.8634481
-1.8095525
-1.0562742
-1.6582392
-1.5757141
0.99423715
-1.5630109
-0.64588381
-1.4358968
-0.62149393
-1.7404247
-1.6551008
-1.0086027
-1.7398654
-1.6391559
-1.2753832
-1.7181697
-0.99117634
-0.8446361
-2.1841931
-0.91048357
-0.78021502
-0.79301245
-0.80708677
-1.2297022
-1.2145103
-1.3654976
-0.88551024
0.23121425
-0.5251735
-2.1417551
-0.46560258
-2.2576332
-1.5816451
-1.4401801
0.41480714
-1.2435151
-1.7136263
-1.0879451
-1.2895455
-1.5232055
-1.1625684
-0.83832875
-0.91506344
-0.65700441
-0.4219654
-1.9081469
-0.026909664
-1.8543905
-1.5254536
-1.275051
-1.0918907
-0.72626249
-0.4444575
-0.10568698
-1.0497387
-0.22355074
-1.0236907
-1.3819659
-0.19473129
-0.38477736
0.0089883242
-1.6339011
-1.0910751
-1.4468451
-1.4587037
-0.8167131
-1.6124013
-2.1710328
-1.7496277
-1.6536205
-1.1918117
-0.89041208
-1.3953575
0.25440218
-1.1971228
-1.3000939
-1.0603173
-1.5818975
-1.512129
-1.8738504
-1.1568231
-0.89371102
-0.87217844
-1.5899653
-1.3776381
-0.67476749
-0.22228557
-1.8442957
-1.3080567
-1.5568843
-1.9712682
-2.0196204
-0.31506614
-2.2380896
-0.28259832
-0.59936047
-1.8909934
-1.6008949
-0.51726179
-0.70585461
0.39513105
-1.0115599
-1.5535986
-1.4860867
-1.7618503
-1.4493264
-1.2193072
-0.82632407
-1.2905665
-0.98092879
-1.3229609
-1.2006547
0.22365122
-2.6057654
-1.6642311
-1.5580455
-1.1523756
-1.1794992
-0.62151318
-0.14493622
-1.0944058
-0.50481102
-1.3833689
-0.945868
-1.1054373
-0.65771299
-1.3680374
-1.7244667
-0.68322626
-1.0846889
-0.87623522
-1.8223445
-1.3253091
-1.307825
-1.1160195
-1.2844077
-1.1251606
-1.6175975
-1.5461297
-2.0002081
-1.280678
-0.90665789
-1.2151944
-1.3742187
-1.6545439
-1.2369799
-1.34842
-1.1146517
-0.75979485
-0.51987054
-1.1365123
-1.2882275
-1.9194261
-0.76371687
-1.6907079
-1.4418519
-0.93722177
-1.7674976
0.032634281
0.56085267
-1.2659922
-1.659102
-0.54108692
-1.5409034
-1.492392
-1.4428147
-1.0409796
-1.8955249
-1.3780939
-2.2358344
-2.0289542
-1.609689
-1.0213718
-0.8439634
-1.5715319
-0.65685243
-1.2667551
-1.8132387
-1.0930188
-0.41925567
-0.56852175
-1.5139563
0.62155691
-1.2954215
-1.6877334
-1.3431013
-1.2274327
-1.3137712
-1.765592
-1.0320945
-2.5114889
-1.9089143
-1.3639864
-1.1220245
-2.0496061
-0.64882896
-1.9224222
-1.2591636
-1.2698697
-1.7820353
-1.0333184
-1.563279
-0.64156381
-0.73114876
-1.1872703
-1.519152
-0.54316839
-1.1050947
-1.3770722
-1.6560216
-1.1364587
-1.0492566
-1.0703215
-1.0786508
-0.46305554
-1.7856916
-1.1488799
-1.2198721
-1.5305793
-1.3352133
-1.4415292
-1.7779017
-1.7495693
-1.2065011
-1.232486
-1.2585274
-1.8162906
-1.702558
-1.5120964
-1.066149
-1.1254877
-1.4830784
-1.4528879
-1.8726874
-0.96458076
-0.21450112
-0.87201495
-1.1886787
-1.4895211
-1.1705097
0.40036245
0.14074074
-0.8011985
-1.117622
-1.6769788
-1.1656638
-1.4088251
-1.3262818
-1.1392782
-1.5691426
-1.8586058
-0.8514382
-1.5624858
-0.79647463
0.49254542
-1.0980266
-1.1560933
-0.72078474
-1.057595
-1.7873338
-0.92388124
0.37267611
-0.95549239
-1.7838054
-1.0605297
-1.1100198
-1.0733752
-0.3532808
-0.68013798
-1.435382
-1.1897367
0.021737506
-2.0859032
-0.34513325
-1.1385863
-0.83941706
-1.3525146
-2.1475233
-1.5064829
-0.43999693
-1.6979388
-1.2725378
-0.70562982
-1.1401938
-0.5392591
-1.9061176
-1.5010656
-1.0130482
-1.6799802
-0.35057058
-1.8507584
-0.091215417
-1.2567721
-0.29355948
-1.0510452
-0.5069003
-0.12298492
-1.0821038
-0.81681192
-0.5237004
1.013424
-1.2102211
-1.3245946
-2.1634107
-1.2532739
-1.1889517
-1.9158709
-1.1929852
-1.52424
-0.82457468
-1.3258267
-1.0500206
-1.4258141
-0.69299297
-0.90002334
-0.78664765
-1.3319776
-0.40136192
0.45267953
-2.181784
-1.5784522
-1.7619449
-0.73573377
-1.0825905
-0.91693983
-1.6612699
-0.50571877
-1.7815786
-0.75643019
0.41882243
-0.38935651
-0.79015599
-1.2833631
-1.0774368
-1.8969491
-0.46672631
-0.81903387
-1.6167434
-1.2100676
-2.122753
-0.5647388
-0.92970415
-1.0617247
-1.8267835
-0.91198741
-1.4776719
-0.95483584
-0.3324654
-1.4939218
-0.99838807
-1.3013512
1.0687095
-0.74284
-1.1762378
-0.38703256
-1.0372031
-1.4222985
-1.5155297
-0.22592456
-1.1546214
-1.5438834
-1.7390346
-0.91479949
-1.7935405
-1.2403799
-0.016689749
-1.5783899
-1.1517319
-1.8557425
-1.236562
-1.58947
-1.0506099
-1.294979
-0.98838761
-0.75163121
-0.79076613
-1.6173585
-2.5652128
-1.1385724
-1.8175108
-1.1730858
-0.089570456
-0.67103291
0.73295262
-1.4266577
-1.360876
-0.77832976
-1.2619009
-0.71537383
-1.5229812
-0.90483371
-1.3992405
-0.076847235
-1.4524851
-1.4458201
-1.0405304
-1.6474129
-1.282814
-2.1367171
-1.8811624
-1.3944589
-1.2580886
-0.39666364
-0.85115073
-0.19363264
-1.8603553
-1.2572647
-1.1337523
-0.42653169
-1.0387976
-1.0693626
-2.092253
-1.0503853
-1.6894236
-1.7768825
-1.8154905
-1.843241
-2.0551775
-1.3530152
-0.61006758
-2.0787766
-1.0777379
-1.3844038
-0.99905188
-0.54666015
-2.4109922
-0.37272237
-0.41901866
-0.81386812
-1.1188773
-1.1707199
-1.8517161
-1.3885799
-1.1160398
-1.4379178
-1.9152503
-1.0004661
-0.7327868
-0.50147534
-1.7469182
-0.94935792
-1.2349251
-1.1403731
-1.9688939
-1.6941337
-0.99314325
0.42867894
-1.4425449
-1.698927
-1.647335
-1.7650168
-2.2730896
-1.6168972
1.1420928
-1.1672655
-0.96612794
-1.3707928
-0.60118559
-1.4000092
-1.2430448
-0.30192501
-1.419657
-0.84590746
-0.74216394
-0.2324665
-1.4685135
-0.31485263
-0.85310694
-1.7071079
-1.6710846
-1.8899246
-0.95565464
-1.1423562
-1.0774353
-1.3899787
-0.75105307
-1.2366524
-1.4916762
-1.7904501
-1.1413074
-1.3043985
-0.591678
-1.1939827
-0.12041388
-0.99659973
-1.8143882
-1.300316
-0.9451243
-1.1964829
-1.8284198
-1.6930445
-1.4606281
-0.89167254
-1.5771785
-1.0897525
-0.84047737
-0.4285449
-0.10898403
-0.77087643
0.83149795
-1.763863
-1.1676453
-1.0602049
-0.23522788
-0.74101192
-1.1421707
-1.6741219
0.21216923
-1.7961003
-1.1321668
-1.8458945
0.11574007
-2.4768647
-0.88441058
-1.4076302
-1.3307492
-0.39589637
-1.4442382
1.0908557
-0.098963244
-1.5335843
-0.54373725
-1.3379168
-1.9736152
-1.6150448
-1.346931
-1.2588526
-1.5533534
-1.5970659
-2.0406114
-1.170523
-1.7242868
-0.51947117
-1.632352
-0.77310691
-0.70710492
-1.6107097
-1.3606273
-0.88279555
-1.8502195
-1.0102206
-1.5194439
-1.5671036
-1.361075
-1.0603518
-1.3073447
-1.2556106
0.54693272
-0.63725814
-1.4094998
-1.6076885
0.91385624
-0.77068319
-0.10369412
-1.3545544
-1.3799844
-1.5706911
-0.73542607
-1.5686024
-1.7931049
-0.35713835
-1.2642026
-1.1182815
-0.070371966
-0.81305637
1.2834777
-1.5727621
-1.892219
-1.6104447
-2.3618617
0.64102392
-1.3655169
-1.5898441
-0.62298703
-0.82183331
-1.8595621
-1.3848758
-0.68645187
-2.9017692
-0.67923916
-1.813281
0.44998051
-1.6641485
-0.45745042
-0.80506806
-0.84368918
-0.82074232
-1.5268124
-0.4062866
-0.445231
-0.99321005
-0.75460602
-1.8358016
