-2.1274968
-2.3825952
-1.8984043
-1.5529749
-0.84481556
-2.0349801
-1.8634398
-0.95908414
-2.7093699
-1.9295153
-2.1809998
-1.6232929
-1.7731038
-1.6427992
-2.0959301
-2.2439049
-1.3307095
-0.20124212
-1.1462961
-2.3783514
0.061508284
-2.2781763
-0.79300769
1.2469902
-1.7145131
0.31912995
-0.96869921
-2.3051572
-1.5607273
-1.8895298
-0.9092862
-1.7061683
-1.4362076
-1.6966131
-2.0673806
-0.46124522
0.82521316
-0.42183361
-1.5241054
-1.3359265
-2.6063868
-0.89400149
-1.3479023
-1.8787231
-1.3733402
-1.6205129
-1.7485176
-1.8220973
-0.51334069
0.92819334
-1.7299124
-2.0057714
-1.2851911
-1.8067451
0.72999424
-1.6304455
-2.7117166
-1.1786464
-1.9932545
-1.106694
-1.5142963
-1.147634
-1.4856954
-1.3201218
-1.9789122
-1.9853665
-1.0145377
0.73369389
-1.7962651
0.056962064
-0.21475722
-1.5726984
-1.1893907
-2.2988263
-1.6819706
-1.5875624
-2.1610094
-1.8297531
-1.8995107
-1.2179368
-0.1363858
-0.018616472
-2.1844587
0.019650606
-0.59645049
-2.075412
-2.4137849
-0.75881684
-2.2319515
-1.0281975
1.2112183
-1.6612658
-1.1054
-0.12651597
0.068021599
-1.3361957
-1.7250454
0.15219558
-1.9725736
-1.8549457
-2.0256724
-1.1617669
-1.7859767
-1.5841755
-0.83480591
-1.9324464
-0.86604374
-1.5222755
-0.50286952
-2.5093473
-0.64763762
-1.6695845
-0.91731108
-1.1658422
-1.2769288
-1.9864677
0.52195448
-0.73183165
-1.8598393
-1.069388
-1.5469079
-2.1877565
-1.2013229
-2.1683102
-1.3430555
-1.640747
-1.6212378
-0.38226748
-2.8039376
-1.0658719
-1.3969292
-2.2589363
-1.1094875
-0.52735522
-1.5904248
-0.38553314
-1.0520408
0.0013208934
-1.764092
-1.931934
-0.68126058
-1.8547289
-1.7376212
-1.5311188
-1.7164103
-1.0297889
-1.2252738
0.23265042
-0.98780998
-2.1803989
-2.1067947
-2.7950599
-1.2387151
-0.20032048
-1.0847021
-2.5394459
-1.8731733
-1.1320759
0.034958189
-0.67481491
-1.8654621
-0.38248464
-0.91608152
-0.84012994
-0.57426506
-1.9525846
-1.4011638
-0.92795548
-1.4065457
-0.34459507
-1.5915647
1.0703516
-1.1432002
-0.27000822
-2.3528487
-1.9420265
-1.5845198
-1.8366643
-1.6482388
-0.64759701
-2.3961602
-1.5978516
-1.2208539
-1.4222225
-2.0062492
-1.4127258
-0.71250672
-2.3422136
-0.88775205
-0.53766506
-1.5605302
-2.5783166
-1.5972301
-2.2124271
-1.7771089
-0.95392071
-1.9860594
-1.7671286
-1.3486252
0.60256321
-1.9381492
-1.1894065
-1.657753
-1.3643254
-1.4073275
-2.273684
-1.8592848
-1.1350337
-1.689957
-0.78984654
-2.2218029
-0.91253429
-0.7211863
-1.3721544
-1.127964
0.91305492
-1.966221
-1.1846663
-0.59773061
-2.0058892
-1.4567746
-1.7104123
-1.0979653
-1.5884246
0.10953452
-1.8538379
-1.5859811
-1.8389135
-1.5852449
-0.69120605
-1.3848602
-2.4249132
-2.4373945
-1.1060466
-1.958679
-2.3857981
-1.1745681
-1.1314837
0.31952456
-1.3902108
-2.585651
-1.6801596
-0.60083306
-1.1565889
-2.2831125
-1.3220038
-1.8387523
-1.9052511
-1.1405451
-1.1720764
-1.2636476
-0.95616691
-0.73042031
-2.381764
-2.1292615
0.0056342264
-1.4339282
-1.9781826
-1.6763326
-0.33826587
-0.88768985
-2.117708
-2.0208094
-1.7513774
-2.0992679
-2.0472081
-2.1192328
-0.58591322
0.027161682
-1.0424242
-1.1607578
-2.3903265
-2.9254434
-2.1804079
-2.2234266
-1.5120829
-2.2318525
-1.775052
-1.2550003
-0.29829759
-2.8379006
-2.1430411
-2.3490861
-2.6019515
-0.91864923
-0.29340763
-1.8030546
-1.5212179
-2.4304278
-0.80079541
-0.55177776
-0.27704668
-0.56083459
-1.0161907
-0.29419556
-1.9709557
-1.3241986
-1.2729076
-1.9835489
-1.4658531
-2.0717872
-1.9885419
0.6762207
-0.86646248
-0.736182
0.30364076
-0.56690105
-0.97371686
-0.98560863
-1.9886288
-0.5044104
-1.3208832
-2.2873617
-2.0948001
-0.51925554
-1.3121018
-0.2928086
-1.2823989
-2.2048249
-0.72417798
-1.8331999
-1.0714862
-0.68496177
-1.7857534
-1.2058388
-0.52144357
-1.422285
-1.0199163
-2.1063877
-1.3046875
-1.6485794
-2.9638103
-1.803498
-2.0995986
-1.0168432
-0.40548291
-2.540389
-0.69475249
-1.6960469
-1.7580514
0.77577987
-2.2399449
-1.7438669
-0.93022208
-2.5308577
-2.4456468
-1.755786
1.208326
-0.70947402
-0.76800855
-2.1544582
-0.38460121
-0.50895119
-1.3277275
-3.1458431
-1.1149265
-1.2302505
-1.661862
-2.4059368
0.024430877
-0.7174668
-1.6725543
-1.5374381
-1.7479555
-2.0359209
-1.2641339
-1.7719498
-0.95739295
-1.3105569
-1.0442534
-1.2451058
-2.0414287
-2.1588439
-1.204682
-0.49693572
0.32191645
-0.38728645
-1.1002701
-0.61093066
-0.73851965
-0.72427799
-1.3030311
-0.73838909
-1.3132622
-1.4231746
-1.9793656
-1.333337
-0.47093873
-2.1232421
-2.3779064
-0.72919262
-1.6767701
-1.0548261
0.032453225
-1.4333502
-0.14147544
-1.9846409
-1.2582119
-1.5613089
-1.5696337
-1.7082033
-1.5718582
-1.8169093
-2.2663067
-0.47096705
-1.0666789
-0.71182614
-2.0786319
-1.6752392
-3.0432441
-1.9553673
-1.5057056
-2.0003838
-1.0467088
-1.7770911
-2.0532644
-1.3478642
-1.6292894
-1.5125758
-0.95790411
-0.63986731
-0.98902914
-1.8712649
-1.5992088
-2.4277979
-1.5117987
-1.7779368
-0.42368637
-0.97987069
-1.2012203
-1.3554194
0.39755712
-2.0822807
-2.5049747
-1.5299729
-2.0392212
-0.22851344
-1.5989464
-0.65047283
-1.6077695
-0.34256751
-1.5032109
-1.5771139
-0.81207033
-0.90399543
-2.1916806
-1.0506632
-0.51705882
-2.089075
0.48797488
-0.53347127
-1.758498
-1.9420744
-0.94590561
-1.0881715
0.25299489
-2.1014898
0.17987936
-0.78679097
-0.12572024
-1.2629084
-0.99050604
-1.5492189
-1.1902404
-1.6572012
-1.5721855
-1.3276047
-2.2599019
-1.2697804
-1.6541391
0.42048117
-1.1535886
-2.0012801
-0.97305076
-1.6114031
-1.4121634
-1.6431273
-1.1505782
-1.8435972
-0.80811596
0.0030916997
-1.9567788
-1.2991613
-2.8431551
-1.3201164
-1.2314317
-1.4501492
-0.94944366
-2.1674961
-0.65147113
-1.0607903
-0.82921914
-1.6784478
-0.92541125
0.87106923
-1.4801871
-2.0519468
-1.7478496
0.30039819
-2.1162313
-0.89848273
-1.3937339
-2.5807966
-1.4155012
-1.0115096
-0.21545563
-2.1199962
-0.81825897
1.2409021
-1.3105099
-1.6860068
-1.3865366
-1.5230908
0.059136142
-1.7084964
-2.1451131
-0.80050423
-2.7560417
-1.7885741
-2.5503592
-1.6411162
-2.1469092
-1.8890325
-1.3169159
-2.1535878
-0.76661485
-1.5341723
-1.285871
-1.3004408
-2.0412017
-1.5618766
-1.2868742
-1.7657341
-0.98033244
-2.176877
-2.161976
-1.8731629
-1.1959253
-0.69875509
-2.2470499
-2.0773891
-1.4933345
-2.420294
-2.4680679
-0.98891462
-1.5687725
-1.8075795
-0.80195413
-0.66679527
-2.0173829
-0.53584009
-1.3827147
-1.1685047
-0.70017031
-0.50301127
-2.096223
-2.0472341
-0.71666592
0.98637491
-2.293064
-2.0391316
-0.6543891
-2.7286058
-1.7902608
-1.7214175
-1.2679055
-2.4252654
-1.3843478
-0.24976179
-2.2892242
0.60328542
-2.7174587
-0.11313072
-1.8813682
-2.0407876
-2.2030954
0.56314486
0.85993982
-1.451433
-1.8329403
-1.7330461
-1.8214574
-1.6688578
-2.4152477
-0.72441706
-1.9406401
-1.9716634
-2.7303256
-1.9985695
-2.4998453
-0.46412192
0.10280887
-1.870769
-1.0124519
-1.4593522
-1.0101094
-1.0062639
-1.1909662
-2.012484
-1.8847944
-1.6360079
-1.7068512
-2.2670317
-1.6525205
-1.307161
-0.72893907
-0.41260312
-1.6197287
-2.4728988
-1.4684229
-1.5587286
0.20538057
-1.0944387
-1.5961825
-0.71087413
-1.7791537
-1.1713211
-1.2314312
-0.80371386
-3.0017061
-1.2238124
-0.21568941
-1.3792276
-1.9695816
-0.8692421
-0.61666873
-1.9036175
-0.29983059
-0.94816307
-1.6702493
-2.1561206
-0.99737851
-1.776351
-1.7893662
-0.5546
-1.6894328
-1.775396
1.4773919
-2.1208029
-2.316279
-0.66040034
-3.3444754
-0.025961769
-1.73555
-1.8830904
-2.2842937
-0.68832045
-1.9239246
-2.0719599
-1.8747166
-2.0916862
-1.4302443
-2.0778223
0.73993712
-1.5357849
-1.5907397
-0.7822967
-2.8727173
-1.4911734
-2.0490879
-1.1768069
-0.14739138
-1.7924036
-1.6918279
-0.79289708
-1.5052925
-1.2056859
-1.8075299
-1.1008558
-1.9599199
-2.1513087
-1.3052999
-1.4111443
-2.070557
-1.192253
-0.018742704
-2.7438227
-1.73432
-0.86738
-1.4912823
-1.5730867
-1.2049956
-1.2161717
-1.9602157
-2.5043054
-2.8502516
-0.9102021
-0.94102942
-0.74592893
-1.3755574
-0.88174674
-2.5128
-0.80878899
-0.13410928
-0.70571593
-1.8087855
0.44538907
-1.2031313
-0.19719613
-1.3506185
-1.8424116
-1.0836474
-1.9923664
-1.7039663
-2.4844407
-1.2945316
-1.1206112
-1.3303274
-1.2558739
-1.7082591
-1.4089119
-1.8083096
-1.3743933
-1.8538071
-0.49270831
-1.8569712
-1.8759207
-0.58746749
-1.9114069
-1.279409
-1.307449
-0.41932626
-1.4083878
-0.93586758
-1.6800762
-1.2913899
-1.4994743
-1.8662591
-0.95150084
-1.087075
-2.4598494
-3.4983741
-1.1820348
-1.6558009
-2.8087603
-1.9422226
-3.0547783
-1.4014401
-1.015589
-1.3723559
-1.5033645
-1.8235468
1.0007342
-1.9509631
-1.0883383
-1.1123335
-1.7565775
-1.3446422
-2.3697286
-2.0281463
-2.2160954
-0.50155867
-1.4583325
-2.4454013
-0.43287167
0.64683677
-1.4402835
-1.1277598
-1.4933835
-0.26714236
-1.1436539
-1.3318433
-1.0410995
0.074883852
-1.8806201
-2.7792453
-2.2511017
-1.8536447
-0.096503314
-1.1810275
-1.5064721
-1.0713558
-1.8210457
-1.7484434
-1.7468857
-1.703869
-1.6658003
-1.3632602
-1.4299435
-0.65037463
-2.6255677
-1.5511763
-2.3536772
-1.041284
-1.0191537
0.23592295
-1.147582
-0.62070557
-2.2217062
-1.4389802
-1.6943711
-1.5690756
-1.5630512
-1.6380268
-2.2412459
-1.2011382
-1.1883275
-1.9421906
-0.23823351
-1.8000658
-0.89880443
-1.6923827
-0.58241762
-0.99677118
-1.1059105
-3.0678879
-1.7035578
-0.70435593
-1.5904845
-1.7832311
0.030841249
-0.84398491
-1.9316536
-2.1114667
-1.4627886
-1.8891328
-1.8944997
-1.9868095
-1.6268725
-2.770107
-0.19901327
-2.4743533
-0.96623012
-0.16758206
-1.2468352
-1.8627022
-2.4464617
-1.7282997
-1.7622477
-0.68751041
-1.7490513
-1.781917
0.66746691
-1.9302858
-0.72397283
-0.86916741
-1.3423784
-2.9120798
-1.1803048
-0.59638905
-1.432182
-0.92886321
-1.8541192
-1.0273503
-1.0914757
-0.80294716
-1.2692742
-1.1215731
-1.1219559
-1.8166422
-1.7412017
-1.2465144
-0.51364645
-1.7909687
-1.189889
-1.3714596
-0.96656047
-1.4323943
-1.8456451
-1.8924956
-2.8827553
-1.3742054
-1.2200756
-1.4071545
-1.6419753
-1.5795762
-1.6477778
-0.75661165
-1.8192499
-1.2468054
-0.14251739
-0.63762775
-2.70326
-0.95680346
-1.5360528
-0.63993363
-2.1761265
-0.98097396
-0.91438251
-2.4102759
-1.3433747
-1.1905342
-0.56560024
-0.84410364
-1.5109815
0.036101258
0.10875042
-1.7871464
-1.5156008
-1.2346938
-0.99667976
-2.2649508
-2.9030726
-2.1265207
-1.3218669
-2.0899774
-0.5113399
-1.4610952
-0.52732393
-1.0917927
-0.65831947
-2.1207658
-1.2213114
-2.4682705
-0.99379087
-1.8792762
0.17008067
-1.3832901
-2.328459
-1.694294
-1.236829
-1.2021878
-0.69525698
-1.3952531
0.18453625
-2.4596748
-2.0552921
-1.558382
-1.137125
-1.3931707
-1.0306811
-2.188249
-2.0738189
-1.5588922
0.27844823
-2.3316096
-0.2865899
-2.2669111
-1.14274
-1.6639025
-2.1911818
-1.7080865
-1.8344539
-1.7804422
-1.3595937
-1.5042398
-1.4110326
-2.6066876
-1.1392629
-1.827378
-0.92175053
-2.218061
-2.2098285
-0.63536055
-1.8761345
-2.1641305
-1.5763624
-2.5643095
-1.510149
-2.1406117
-1.5189894
-1.9037598
-2.1443126
-1.2995911
-0.66289975
-0.19811433
-1.7515204
0.32612769
-2.2200583
-1.5485687
-1.5817899
-1.5448038
-1.2452033
-1.2644154
-1.2724309
-1.2166767
-1.5040595
-0.88480625
-1.2998139
-2.1230081
-2.1349946
-0.96214279
-2.2367329
-1.2913137
0.029596373
-1.6530449
-1.1347187
-1.3757302
-1.2080638
-1.2561274
-1.5578979
-0.22920186
-1.6782644
-1.2924543
-2.3624153
-1.4035608
-0.68734703
-1.0309465
-1.9185446
-1.5630688
-0.43554308
-0.87182345
-1.523796
-0.99164108
-1.0272831
-1.8994469
-2.1410031
-1.7672593
-1.112769
-1.9843042
-1.9055551
-1.2369623
-1.2969116
-1.0520432
-1.2345521
-1.9726245
-1.8021414
-2.5027723
-1.3903116
-1.0898041
0.17303917
-1.9474893
-0.91238502
-2.3944756
-1.8337177
-1.6851901
-1.2318173
-1.6121149
-1.4546462
-2.3795023
-1.9248492
-1.0184498
-1.8350277
-1.1943227
-0.74342154
-0.035933992
-1.5723983
-2.5443086
-0.71314777
-1.9254806
-2.31662
-1.7983291
-1.5026187
-1.0492485
-0.92069863
-0.83592225
-1.2455043
-0.96997284
-1.0216116
-1.6084781
-1.5511597
-2.0402035
-1.8777777
-1.1422158
-2.6752343
-0.7310731
-2.0913635
-0.73427833
-1.6241412
-0.70907099
-1.3373029
-1.0490888
-1.987941
-2.0583352
0.18497676
-1.7209351
-1.3827183
-3.2181967
-0.89480309
-0.82346307
-2.9285812
-2.345993
0.25169206
-1.6153263
-0.71657598
-1.4370444
0.65148818
-1.1361075
-1.6613357
-2.3317372
-0.62122598
-0.58038287
-1.8614788
-1.542936
-1.1225938
-1.6699181
-1.7856145
-0.89358166
-1.6429401
-2.0788607
-1.2012845
-0.68470692
-2.2821349
-1.590049
-1.4643175
-0.69213921
-1.0120269
0.63838072
-1.2863012
-0.18188304
-2.2757849
-1.4918
-1.7346293
-0.21504184
-1.9720036
-2.009458
-1.4851715
-1.7696028
-1.4280936
-2.038534
-1.6090212
-2.4726833
-1.2455278
0.15846982
-1.2409513
-0.82016656
-1.3007625
-1.7234879
-0.77703957
-1.5830576
-1.5296402
-1.614863
-2.5111881
-0.32140605
-0.5636379
0.5462136
-0.30501594
-1.6186025
-3.0625612
-1.7015658
-1.6266201
-1.3625783
-1.807671
-2.1320578
-0.83018156
-0.75584751
-1.5075797
-0.19469127
-0.9873944
-2.1430014
-2.0600573
-2.1345014
-1.5866957
0.072402551
-2.0886271
-1.0659592
-0.52921157
-2.2292375
-1.4219926
-2.2582561
0.49684798
-2.6033288
-2.6356582
-1.419646
-2.0988293
-1.9449119
-0.26532582
-0.41251392
-1.1044283
-1.1449667
-1.416517
-0.532723
-1.330921
-2.2249225
-2.017693
-1.5500516
-0.8608383
-1.5675275
-1.7447792
-1.784562
-2.209622
-1.0990798
-2.5418499
-2.4113733
-1.144123
-1.8236999
-1.0288071
-2.141903
-1.2423742
-1.4484622
-0.73334659
-1.6975351
-1.3384352
-1.9516438
0.15188787
-0.60352384
-1.4792289
-0.70299586
-2.2700519
-1.3038162
-1.133281
-0.88619811
0.6876466
-1.8375605
-2.1144169
-2.5162742
-1.5540881
-1.5100999
-2.1645948
-1.7784408
-2.0635503
-1.6364907
-2.3203667
-1.9661558
-0.21680869
-1.2970358
-1.4361406
-1.4628322
-1.2391931
-2.3734256
-1.531218
-1.3396177
-1.1078868
-1.6251424
-0.87768504
-1.1554187
-1.7100054
-1.8826005
-0.43966091
-0.95549035
-1.3394567
-0.23456499
-2.3628707
-1.7400661
-2.0205903
0.41869644
-1.6911209
-0.92565996
-1.8722918
-1.9620081
-0.95883606
-1.1786155
-0.7355511
-0.59258231
0.28889669
-1.5383171
-1.4450473
-1.5684507
-1.4645859
-0.934884
-0.88340155
-1.5684598
-1.7519106
-1.3503656
-1.5842401
-1.8750319
-0.51301356
-2.190127
-0.2455882
-0.3591541
-2.850169
-2.3114125
-2.1329987
-1.8179161
-0.071284007
-0.62587113
-1.4947244
-1.5104324
-0.82422074
-1.324347
-1.9023924
-1.6685657
0.10803206
-1.852535
-1.7763383
-2.6790358
-1.996458
-1.2947428
-1.112103
-0.94324626
-1.7435995
-1.6946591
-1.7885881
-1.2519774
-1.0189553
-0.34874918
-1.9305547
-2.657265
-0.91375493
-0.85758535
-1.8467144
-2.1328798
-2.261418
-1.6059597
-1.1746177
-0.97435793
-2.318569
-2.3890649
-1.9234847
-1.2460414
-1.1547364
-0.72897325
-1.5548443
-1.3188975
-1.4432495
-0.473822
-1.7099786
-0.82244326
-1.7273525
-1.3775959
-1.6999912
-3.0417749
-2.4160573
-1.9535039
-1.5932159
-0.65725829
-1.3724858
-2.4032817
-1.4267605
0.056463763
-2.6690738
-1.7849139
-1.1669157
-0.9376795
-1.9534659
-1.9324488
-1.253304
-0.58154023
-0.49379439
-1.8630084
-1.7586814
-0.8136467
-1.4704396
-1.5444214
-1.9097236
-2.8930039
-1.1917973
1.1046396
-2.0974821
-1.3356642
-1.0802876
-0.64998866
0.72800725
-1.3598131
-1.225848
-1.5256358
-0.59878642
-1.9384327
-0.9909837
-0.60689496
-2.0742651
-1.8092558
-1.2609551
-1.9412983
-2.0928496
-1.2302104
-0.85431136
-2.4793023
-0.47885275
-2.0751982
-0.8738777
-1.3257043
-0.86049508
-2.7335355
-1.52573
-2.0057186
-2.0097362
-0.22138248
-2.002278
-1.9557266
-1.0134725
-1.6527391
1.1076691
-0.84522039
0.39872844
1.4643068
-1.4420029
-1.7254289
-1.495469
0.31248236
-2.2904311
-1.2355563
-0.34164362
-0.81798225
-0.84844181
-1.5427616
-2.3379747
0.21429874
-2.772306
-0.87014544
-0.93433932
-0.99066267
-1.9850497
-0.69646543
0.42312478
-2.4965909
-1.6709141
-1.7985949
-1.5928372
-1.2752287
-0.91145126
-1.4474931
-0.95815358
-2.3202425
-1.2047804
-1.7132519
-0.93402188
-1.3157092
-2.033694
-1.9069435
-2.3282434
-1.6800391
-1.4417776
-1.0708183
-2.2985135
-1.53886
-1.04461
-2.0776257
-1.8817962
-1.8401604
0.38759946
-1.623878
-2.609081
-1.2612837
-1.7272342
-0.8854195
-1.81932
-1.1045219
-1.0616929
-1.9429691
-1.9420246
-1.7406435
-2.0056854
-1.3111369
-1.6207221
-1.5247333
-2.0419385
-1.9709566
-2.0871321
-0.54379907
-2.1988158
-1.0531033
-0.73272601
-1.560799
-2.117076
-0.93219906
-1.4905666
-0.88374874
-1.2610447
-0.31688718
-0.24972237
-1.3274693
-1.1462265
-1.8646457
-1.6814248
-1.4317106
-1.5345449
-1.722407
-2.0354006
-1.8160633
-0.52155086
0.20309974
-0.085564331
-1.0409473
-2.3668194
-0.96242334
0.62034392
-1.9188678
-1.6982207
-1.4854751
-1.7373249
-0.9183074
-2.9294514
-3.1468467
-2.5027082
-1.5906773
-1.5727189
-0.78633571
-2.2251139
-1.9458565
-0.45284502
-1.2197019
-1.7360583
-0.6872337
-1.3311049
-2.0131298
-1.6787048
-1.1882767
-1.9972617
-0.045560804
-2.3886966
-1.4457083
-0.7554594
-2.2360053
1.2033843
-1.6254555
-1.4758988
-2.3230269
-2.184609
-1.5971691
-1.2977655
-0.8666525
-2.1865663
-1.9349379
-2.1433753
-1.517434
-1.0162678
-1.6883741
-1.8559588
-0.66653182
-0.71589694
-1.2197608
-2.3508795
-1.1591463
-1.3872423
-1.0504761
-2.1194101
-1.6535589
-1.7625773
-0.50219269
-1.4496158
-2.8078203
-1.8990368
-1.3115628
-1.0147556
-2.2020002
-2.0686426
-1.0334674
-1.9312395
-1.5073975
-1.5947562
-1.6127154
-1.4564223
-1.533808
-1.9831084
-1.1100964
-0.92281194
-1.0086524
-1.3938323
-0.11276511
-1.473142
-2.4051144
-1.2954398
-1.4687543
-1.2961631
-1.6433133
-2.2066858
-1.3807652
-2.1651155
-2.8354444
-1.8438377
-1.5588983
-1.7217516
0.11263954
-2.1429721
-1.3782372
-2.451962
-2.1211559
-1.3983673
-0.89940264
-1.9666934
-0.42613379
-1.0935404
-1.1896777
-2.6650468
-1.5298372
0.78795273
-2.9723007
-2.0296028
-1.2624254
-0.55620012
-2.3593689
-1.2805887
-2.0505907
-2.0000047
-1.1367691
-1.3969455
-1.828796
-0.98475287
-1.6881874
-0.93352573
-1.5125668
-2.0083748
-0.96684272
-2.2795362
-3.2274551
-2.4633696
-1.426719
-0.78076738
-1.4814644
-2.1797995
-2.4897658
-1.6031361
-0.23679389
-1.3745418
-1.6384287
-1.6776153
-1.708477
-1.2594408
-2.0180739
-1.0221116
-0.3098009
-1.4432218
-2.4807788
-0.031085249
0.33594214
-1.1413972
-0.90474984
-1.0468486
-1.9945822
-1.3050468
-1.6488408
0.47952763
-1.3698689
-1.7150662
-0.72686248
0.89298092
-1.170672
-1.357527
-0.016123299
-2.5779603
-1.9464366
-1.3345413
-0.81832412
-3.1413836
-2.3653783
-1.0272292
-1.6680288
-2.0586899
-2.0981018
-1.0743297
-0.91973041
-2.3254515
-0.56760963
-1.6491724
-1.5385755
-2.0258992
-1.2283228
-0.99785422
-1.1197549
-1.889537
-2.3100433
-2.1292853
-2.0665958
-1.4403834
-2.2909459
-1.7107112
-2.6611628
-0.87272562
1.2495023
-1.5272487
-1.8849623
-0.94477803
-1.5207078
-2.812363
-2.278317
-1.4892174
-1.6153722
-0.5649691
-1.388321
-0.42195451
-0.86705557
-1.4698172
-0.29588609
-1.6320156
0.40846946
-1.579575
-2.3831604
-1.3246648
-1.346316
-1.9100363
-1.3627385
-2.6450406
-0.70612335
-0.07700082
-2.73702
-0.84089048
-2.228725
-0.19898005
-2.0885593
-1.309488
-2.5680134
-1.2041999
-1.8219966
-1.6950427
-1.6842022
-0.74486107
-3.0270192
-1.5273584
-2.1769702
-1.4014769
-1.3197544
-1.9757836
-1.3235761
-2.2647986
-1.0274967
-0.67212989
-1.736967
-0.81226209
-1.7088615
-2.1001012
-0.96064257
-1.3693213
-2.0965386
-1.684606
-0.61499887
-0.47685716
-1.1127738
-1.1856466
-1.3836099
-1.3967568
-1.1342783
-1.8815757
-2.2004165
-2.1662948
-2.7352466
-1.6390736
-3.1561156
-2.3571986
-2.2468955
-1.7684385
-1.6169816
-2.0989558
-2.0096985
-1.8370808
-1.876015
-1.7040826
-1.0268471
-1.693157
-0.96707731
0.047487972
-2.8285835
0.54493031
-1.2964713
-1.4420797
-0.67948955
-1.4329251
0.20827894
-0.18333842
-1.0898128
-1.5621048
-1.7144579
-1.437869
-1.4305451
-1.63721
-0.69294719
-1.265742
-1.6913625
-1.4719827
-3.0296509
-2.053641
-0.40465199
-0.46686607
-0.74164157
-2.1374271
-1.8862928
-1.7471871
-0.73861342
-2.0490697
-0.44749514
-0.18741772
0.15134983
-0.87595967
-0.54659347
-1.7489458
-3.158568
-1.9844926
-1.6290843
-0.83067691
-2.0956251
-1.5043735
-1.3104823
-1.8966683
-0.9448963
-2.4264145
-2.2688524
-0.88909251
-2.0570008
-1.238823
-2.2086676
-2.0438424
-1.3636764
-2.5737258
-2.125107
-1.0645539
-2.195575
-2.3882737
-1.481659
-1.9632713
-3.1067635
-2.3482297
-0.9838719
-0.72342886
-2.3054027
-1.5806136
-1.8970157
-1.2452057
-2.8112254
-0.51552255
-2.699096
-1.6294727
-1.9857498
-1.1824514
-0.72143952
-1.0242929
-2.0855922
-2.5042686
-2.0912884
-1.4661083
-1.2017665
-1.8789045
-3.0869307
-2.3486803
-0.020187508
-0.42361122
-1.1821794
-1.3022336
-2.4311309
-1.0662364
-1.5793048
-1.6734544
-1.9025358
-1.9167029
-1.3543119
-1.4432463
-2.5616475
-1.2695994
-1.1815566
-2.1503376
-2.2139277
-1.7605292
-2.5601054
-1.9825816
-2.9889216
-0.61549818
-0.16451932
-2.1608239
-2.0792974
-2.2648532
-0.67390735
-1.3624918
-1.7332519
-1.7955059
-2.2591563
-2.1031069
-1.2743478
-0.93584886
-2.2637404
-1.9321779
-1.7261419
-1.4399714
-0.19719613
-1.3011375
-2.8689847
0.55235505
-1.4940049
-1.7160486
-1.7224926
-1.0721535
-0.77635275
-0.17706261
-1.2959928
-1.184109
-1.7831674
-0.27888832
-1.9004726
-1.7662035
-1.3927448
-0.59137759
-1.8170437
-1.3117855
-0.87989692
-2.4771594
-1.2682929
-1.8055614
-1.2304153
-3.2227297
-1.8567349
-2.8382125
-1.5764563
-1.6281905
-1.1813104
-1.1967556
-1.5234556
-0.20771903
-0.66630823
-1.1507087
-0.68169964
-0.93868118
-1.5766565
-1.1283125
-1.9810333
-1.1106159
-2.4178649
-1.2285125
-1.6035432
-1.2841853
-1.4389795
-1.3850199
-1.9120831
-1.4765684
-0.84950425
-1.6318173
-0.61870538
-1.3016753
-0.64991423
-1.6706635
-1.3146913
-0.80890952
-1.2635156
-1.7072856
-1.8582199
-1.8922759
-1.8053128
-0.462031
0.49580668
-1.8263369
-1.3701845
-1.9662974
-1.9989363
-2.4158944
-0.94919283
-0.24690903
-0.86430343
-1.4721959
-1.8226414
0.66552566
-1.9274204
-2.0903649
0.8042454
-1.1988687
-2.5462865
0.34838784
-0.81275386
-1.9808428
0.36709763
-1.293704
-1.8408834
-1.420208
-0.55140607
-1.6036286
-0.38806965
-1.2786294
-1.8913028
-1.1094499
-0.26645028
-1.9512144
-1.4492036
-2.0270993
-2.6502075
-0.93150881
-0.87388349
-1.7800506
-0.96337962
-1.348636
-0.58896746
-1.4394352
-0.50378019
0.5369689
-0.93364531
-0.80234349
-1.5994911
-2.4147991
-2.6869296
-1.5743677
-1.681908
-1.2043618
-1.5451945
-0.7884846
-1.7996821
-0.38258244
-1.9169628
-1.7290697
-2.1298147
-1.8330377
-1.7276562
-1.1252154
-1.0459847
-2.0736321
-1.6300005
0.22315423
-1.9598968
-2.11875
-1.0647881
-1.9236393
-1.922923
1.4138067
-1.9359194
-0.65476797
-1.2550647
-0.44378732
-2.1932845
-2.2331201
-1.2319555
-1.8696222
-1.9601398
-1.6941935
-2.6267273
-1.1478058
-0.93105734
-2.4180285
-0.36558168
-0.85601844
-1.0995513
-0.61106933
-1.3842572
-1.4493446
-1.5464801
-0.98498269
-0.50540878
-0.5605361
-2.2587975
-1.037185
-2.7506013
-1.712705
-2.3968751
0.40549864
-1.2439268
-1.9791214
-1.5242123
-1.0332757
-1.1416326
-1.0370309
-0.58369625
-1.1589233
-0.88609298
0.13721081
-2.4020884
-0.46062348
-2.1637691
-1.6139413
-1.5190877
-1.5618366
-0.690798
-0.97988754
-0.022806167
-1.331082
0.61854954
-1.4714469
-1.5361668
-0.16517229
-0.43076145
-0.22115566
-1.8137631
-0.95721725
-1.513242
-1.595024
-1.0069976
-1.749109
-2.8971844
-2.3816076
-2.4391987
-1.7042183
-0.42753312
-1.8004437
1.464684
-0.99967289
-1.4139555
-1.1903391
-2.115445
-1.8595992
-2.1939751
-1.6185025
-1.312719
-1.5019507
-1.5747163
-1.4138029
-1.0948271
-0.11891962
-2.0527659
-2.2268131
-1.7634971
-2.2370445
-2.8701853
-0.3601094
-2.9815206
-0.33286857
-0.56434992
-2.056704
-2.3318255
-1.0269833
-1.0151573
0.54549205
-1.5289743
-1.9219218
-1.6633312
-1.8443667
-2.0412629
-1.201622
-1.0488204
-1.4729931
-1.1968508
-1.5090612
-1.2578041
-0.14939458
-2.685076
-1.9085481
-1.8809434
-1.5111092
-1.2774032
-0.51495826
0.22565707
-1.2007628
-0.48857547
-1.3656241
-0.82023777
-1.1718957
-0.931148
-1.9139288
-2.1783138
-0.65721133
-1.5253644
-1.4465112
-2.024243
-1.5661279
-1.5226555
-1.2582077
-1.4612415
-1.0038492
-1.7967193
-1.9223048
-2.6784071
-1.6501216
-1.2320702
-1.2318375
-1.5373518
-1.9779009
-1.6309464
-1.5970014
-1.6419461
-0.96694593
-0.81518127
-1.5350584
-1.5941948
-2.0382243
-1.0197669
-1.9970709
-1.4335156
-1.0365747
-2.0873728
-0.55305791
0.96351379
-1.2736511
-1.6681931
-0.61488324
-2.0460239
-1.7857426
-1.3755353
-1.0181052
-2.3497824
-1.8711162
-2.3338991
-2.2355831
-2.0511338
-1.1894749
-1.0293204
-2.1257793
-0.9369236
-1.034574
-2.2383998
-1.0883069
-0.72314425
-1.0856595
-1.4410791
0.95860546
-1.4490791
-1.6960532
-1.5228727
-1.4385605
-2.3025352
-2.0767015
-1.5046213
-3.2378748
-2.3118177
-1.8449129
-1.3415523
-2.404826
-1.003586
-2.5695539
-1.5129462
-1.9328414
-1.8461073
-1.5494432
-1.6043056
-0.65321368
-1.0655507
-1.3926731
-1.6425994
-1.6088934
-1.5904618
-1.3826906
-1.9656731
-1.6266538
-1.4248159
-1.0747941
-1.3748919
-0.64045315
-2.1584212
-1.3609565
-1.5001778
-2.0311061
-1.6300005
-1.7091992
-2.284045
-2.1991151
-1.5111648
-0.86453683
-1.2681781
-2.013013
-1.8286706
-1.6892756
-1.3132963
-1.287862
-1.7210995
-2.1064511
-2.3954313
-1.3094563
0.2892146
-1.4770749
-1.5602815
-2.0886214
-1.0634779
0.51346734
0.068085681
-0.57212824
-1.3132012
-1.9604128
-1.3824351
-1.8245904
-1.4647354
-1.1668797
-1.8114945
-2.458153
-0.85860135
-1.7678531
-1.2265861
0.61492237
-1.2794581
-1.4887103
-0.86697338
-1.3440387
-2.0437914
-1.2610191
0.098426983
-1.2766552
-2.0584775
-1.0386327
-1.2654984
-1.1529837
-0.09663994
-0.67598844
-1.7942785
-1.4021872
0.38737801
-2.4494544
-1.0873423
-1.2315855
-1.6386847
-1.353942
-2.5556597
-1.854525
0.050696539
-1.9531049
-1.3725015
-0.7491481
-0.94649351
-0.54637975
-2.564149
-1.8263007
-1.1675741
-2.0524993
-0.20157043
-2.0771559
0.18256078
-1.7637936
-0.65884509
-1.0759803
-0.34954658
0.17702451
-1.1685386
-1.0409569
-1.3371162
1.086737
-1.4632603
-1.3062491
-2.8900136
-1.6018103
-1.7355627
-2.0595432
-1.8528292
-1.7030677
-0.76051295
-1.6901002
-0.86318527
-1.7969375
-0.80533852
-1.2166733
-1.1874105
-1.3750353
-0.61563911
0.8300241
-2.4768251
-1.5649093
-2.7448746
-0.9127094
-1.6085052
-1.1995213
-1.8949212
-0.42366347
-2.3111788
-0.65741438
0.27023435
-0.38693663
-0.82356317
-1.3452007
-1.4874248
-2.3187813
-0.081244808
-0.54736986
-2.2138228
-1.3083766
-2.1907291
-1.4082222
-0.96046373
-1.6240204
-2.2937202
-1.0143002
-1.9369613
-0.90923958
-0.69482294
-1.7611174
-1.4678378
-1.488052
1.8746248
-0.51607502
-1.3514337
-0.22012789
-1.0887375
-1.6550151
-2.1958848
-0.22061285
-1.2078327
-1.681632
-2.1206767
-1.2088679
-2.3262392
-1.4639742
0.1293296
-2.0235226
-0.77504947
-2.1793159
-1.6944426
-1.740135
-1.1814037
-1.294384
-1.5317492
-1.3231572
-0.54436097
-1.7020595
-3.3569507
-1.3958716
-2.1069669
-1.052223
-0.18233903
-0.98619931
0.62640944
-1.8512367
-1.0460416
-1.3695926
-1.6814794
-1.2135763
-1.4804411
-1.2631645
-1.3817443
0.31873404
-1.8587754
-1.8002297
-1.5689039
-1.9789972
-1.3133567
-2.4147233
-2.4004192
-1.6931762
-1.0096699
-0.89404162
-1.0080524
0.32796056
-1.7159499
-1.8480952
-1.3867247
-0.74081874
-1.1486612
-1.0702045
-2.0587568
-1.248589
-1.7644638
-2.0619194
-2.02212
-2.2280527
-2.2761912
-1.4535387
-0.74764128
-2.6814328
-1.1674903
-1.0182185
-0.9596562
-0.21968188
-3.2115323
-0.72973881
-0.47115134
-1.4239104
-1.0512599
-1.0677144
-2.0934261
-1.5593574
-1.5694683
-1.8315256
-2.1254132
-1.089998
-1.4252664
-0.45972186
-1.9635458
-1.3534484
-1.4337505
-1.1940769
-2.2758046
-1.9102668
-1.2749762
0.29255499
-1.9050025
-2.1953825
-2.2829427
-2.0829315
-2.4620945
-1.7098995
1.2803709
-1.3687965
-1.0611729
-1.2503679
-0.58686348
-1.4738023
-1.4460125
-0.60182953
-1.5008997
-1.321006
-1.3081338
-0.88411501
-2.1004424
-0.26641629
-0.97359439
-2.2187551
-2.0118702
-2.5456369
-0.87104688
-1.0944213
-1.1389518
-1.4084161
-0.49782716
-1.1189058
-2.8365053
-1.9757213
-1.4937752
-1.542298
-0.62851759
-1.931384
-0.2809853
-1.1242436
-1.8570361
-1.8361446
-0.93615532
-1.2259858
-2.4172173
-1.7397882
-1.8435879
-0.45076094
-1.8822405
-1.4545326
-0.70337802
-0.40608291
-0.15730837
-1.0213346
0.52714429
-2.2394255
-1.1667124
-1.2094989
-0.29362592
-1.407399
-1.0613734
-1.9010473
0.39087491
-2.1870852
-0.58182736
-2.1792464
0.10358667
-2.6014557
-0.69022698
-2.0358014
-1.5994747
-0.51017562
-1.4271159
1.038718
0.17028823
-1.6781651
-0.42433365
-1.3975215
-2.4231311
-1.8947689
-1.7975361
-1.5125565
-2.0601031
-1.8489234
-2.7310247
-1.4091745
-1.7373803
-0.60676282
-2.1407124
-1.0085373
-0.6407731
-1.7931469
-2.0087082
-1.0594204
-2.2230241
-0.89423025
-1.9874252
-1.8645527
-1.5868747
-1.1626536
-1.4756305
-1.6505112
0.6209272
-0.49966692
-1.6153475
-1.9821489
1.1492336
-0.70404278
0.28541871
-1.8016391
-1.4507611
-1.8460953
-0.65285843
-1.85684
-1.9638441
-0.69651249
-1.1027647
-1.5837335
-0.18452482
-1.4482907
1.2205637
-1.8833955
-2.423976
-1.6103975
-3.0771425
0.77351849
-1.7305831
-2.1999565
-0.54004358
-0.95517774
-2.445324
-1.7642348
-0.56000174
-3.218535
-0.96248924
-2.3595595
0.41369153
-2.1825277
-0.57441128
-0.90042512
-1.2813996
-0.59324832
-2.0023342
-0.82538802
-1.1263724
-1.0160077
-0.81452212
-1.9076728
